100
10000
10002
100033413
10008
1001
10011
100128927
10013
100131801
100134444
100144748
100151683
10019
10020
10021
100288687
10046
10049
100506658
10056
10058
10059
10060
10075
10082
10083
10084
10087
1009
10095
10102
10108
101101692
10111
10117
10125
10126
10128
1013
10133
10134
10137
10142
10144
10149
10155
10157
10159
10161
10165
10166
1019
101928376
10194
10195
102
1020
10205
1021
10210
10216
10225
10229
10235
10243
10253
1026
10262
10265
10269
1027
10273
10274
1028
10280
10283
1029
10290
10293
10295
10297
103
1030
10300
10309
1031
10312
10319
10320
10324
10329
10342
10345
10347
10352
10367
10369
10370
10371
10381
10382
10383
10395
10397
1041
10413
10436
10452
10456
10457
10459
10461
10463
10464
10466
10472
10479
10483
10484
10486
10491
1050
10512
10516
10518
10519
10522
10525
105259599
10528
10529
1053
10535
10555
10558
10559
1056
10560
10564
10568
10577
10584
10585
10586
10587
10588
10594
10599
10613
10616
10617
1062
1063
10641
10644
10653
10654
10661
10664
10667
10681
10682
10683
10686
10695
10699
107
1071
10715
10716
10717
1073
10730
10733
10734
10735
10736
10743
10747
10749
1075
10750
10758
10765
10771
10785
1080
10801
10804
10806
10815
10841
10842
10845
10846
10847
10861
10878
10891
10892
109
10907
10908
10913
10916
10939
10940
109580095
10978
10982
10984
10999
11005
11011
11019
11020
11023
1103
11041
11043
1105
1106
1107
11078
1108
11081
1109
11093
111
11107
11113
11128
11133
11136
11141
11146
11149
11151
11152
11154
11155
1116
11160
11178
11181
11190
112
1120
11200
1121
11212
11216
11222
11224
1123
11231
11232
11234
11235
11236
112476
11253
112609
11261
11274
112744
112752
112755
11277
11280
112802
11281
112812
112817
11284
11285
112858
112939
1130
1131
11311
11315
113179
113189
11322
113235
113246
113278
11330
1134
11340
11342
113457
1135
113612
1137
1139
1140
114034
1141
114327
1144
1145
114548
1146
114609
1147
114798
114803
114902
114928
115286
115399
115650
115908
115948
116085
1161
116150
116228
116369
116442
116461
116519
117144
117155
117156
1174
1175
117531
117581
118
1180
1181
1183
1184
118429
1186
1187
1188
118813
118856
1193
119559
120
1200
1201
120227
1203
120892
121214
1213
121340
121391
121512
122402
122481
122553
122622
122961
1230
123016
123041
123263
1235
123606
123624
123872
124093
1244
124404
124454
124512
124583
124590
124842
124976
124997
125
125336
1258
1259
125988
126
1261
126129
126326
126328
126410
126695
126792
1272
127534
1277
1278
127833
1280
1281
128178
1282
128240
128338
1284
1285
1286
128637
128674
1287
1288
128866
1289
128989
1290
1291
1292
1293
1294
129563
1296
1297
1298
129880
1299
1300
1301
1302
1303
130340
1305
130557
1308
1311
131118
1312
131377
1314
1316
131669
132
132158
1326
132884
133396
133686
1337
1340
134218
134430
134701
1349
1351
1352
135228
1355
1356
1357
135935
136371
136647
1369
1371
1373
137392
1374
137492
1376
137682
137814
1380
138050
1384
1385
1387
139212
139285
139411
1399
140032
1406
140628
1407
140732
140803
1409
1410
1411
1412
1413
1414
1415
1417
1419
1420
1421
142680
1427
1428
1436
1438
1439
1441
144165
144245
144406
144568
144811
145173
145226
145258
1453
145624
1457
145873
146057
146059
146167
146183
1462
146206
146227
146862
147007
1471
147138
147183
147372
1474
147409
147495
1475
1476
147912
148022
1482
1487
148738
148789
1490
1491
149233
1493
149461
1495
1496
1497
149775
1499
1500
150094
1501
1503
150365
150468
1508
1509
151
151188
1512
1513
151648
152137
1523
1528
152816
153201
153241
1534
1535
153562
1536
1537
154
1540
154288
1545
1548
154881
155
1557
1559
1565
157570
157657
157680
1577
158
1581
1583
158326
1584
1585
1586
1588
1589
1591
1593
1594
16
1600
1604
160418
1605
1610
161497
1615
161582
1616
1617
161742
1621
162417
162514
1629
1630
163175
163183
1634
1636
163786
1639
164045
1641
1643
1644
1646
164656
1649
165
1650
1654
165918
1663
166378
166379
166785
166929
1674
1675
167691
1678
168507
168667
1687
1690
169026
169522
169792
170302
170691
170692
171023
1716
1717
1718
1719
1723
1725
1727
1729
1730
1736
1737
1738
1739
174
1741
1743
1747
1748
1749
175
1750
1756
1757
1758
1759
176
1760
1761
1763
1767
1770
1773
1776
1778
178
1781
1785
1786
1788
1789
1794
1795
1798
18
1801
1804
1806
1807
181
1811
1813
1814
1815
1816
182
1822
1824
1825
1828
1829
183
1832
1834
1836
1837
1848
185
1855
1857
1859
186
1861
1889
189
1890
1892
1893
1896
19
190
1906
1908
1909
191
1910
1911
1917
1938
1947
1950
1954
1956
1959
196
1962
196527
196528
1967
1968
1969
197
197131
197135
197257
197258
197322
1981
1991
199221
199223
199713
199857
2
200205
200403
200576
2006
200879
200894
2009
200942
2010
201163
201294
2013
201595
2018
201973
202018
2022
2027
203
203068
203228
203286
2033
2034
2035
203547
2036
2038
203859
204
204219
2043
2048
2050
2052
2053
2055
2056
2057
2058
2059
2064
2065
2066
2067
2068
207
2070
2071
2072
2073
2074
2077
208
2099
21
210
2100
2103
2108
2109
2110
212
2120
2121
2122
213
2130
2131
2132
2137
2138
2146
2147
215
2153
2155
2157
2158
2159
2160
2161
2162
2165
217
2175
2176
2177
2178
2182
2184
2186
2187
2188
2189
2192
219285
2196
219736
219844
22
220
2200
220074
2201
220136
2202
220202
220296
2203
2206
221037
2212
221264
2213
2214
221421
221496
221692
2218
221927
2224
222546
222662
223117
2232
2235
2239
224
2243
2244
2245
2248
2250
2253
2254
2255
2257
2259
226
2260
2261
2263
2266
2271
2273
2274
22796
22802
22808
22827
22845
22852
22854
22856
22858
22861
22866
22868
22880
22891
22897
229
2290
22901
22906
22907
22909
22917
22926
22930
22931
22934
2294
22943
22948
22953
22954
2296
22978
22983
2299
22995
22999
23001
23005
2301
23019
23020
23022
23025
23028
2303
2304
23040
23043
23064
23065
2308
23086
23090
23092
23093
23094
23095
23096
23111
23114
23118
2312
23126
23129
2313
23133
23135
2314
23141
23152
2316
23162
23165
23169
2317
23171
23175
2318
23189
23193
23203
23204
23209
2321
23218
2322
23221
23224
23229
23230
23233
23236
2324
23241
23247
23250
23258
23259
23261
23262
23268
23279
2328
23287
23288
23299
23310
23312
23314
23316
23317
2332
23321
23322
23325
23327
23328
23334
2334
23345
23347
2335
23363
23370
23384
23385
23387
23389
23394
23395
23396
23397
23400
23404
23405
23414
23417
23418
23424
23426
23431
23432
23435
23438
23443
23451
23461
23474
23476
23479
2348
23483
23495
23498
23499
23503
23509
23512
23514
23516
23522
23529
2353
23530
23533
23534
23545
23554
23556
23558
23562
23568
23569
23581
23586
23590
23592
23594
23600
23607
23630
23636
23639
23646
23676
23729
23732
23742
23746
23765
23767
23769
23780
238
2395
24
240
241
24137
24140
24145
24148
242
246176
246213
246243
246329
2464
2475
2483
2487
2488
249
2492
2495
25
2512
2516
2517
2521
2530
253017
2531
2533
2535
253738
2538
253827
2539
254065
2542
254394
254528
2548
2549
2554
2555
2556
255738
255758
255928
2560
2561
2562
256297
2563
256471
2566
256646
256764
257
2571
25778
25782
25788
25792
25793
25794
258
25802
2581
25814
2582
25821
25828
2583
25836
25839
2584
25861
2588
25885
25886
25894
2591
25913
25914
25915
2592
25923
259232
259236
259266
2593
25939
25942
25953
25959
25970
25973
25974
25977
25978
25981
26005
26011
26012
26022
26040
26047
26053
26058
26060
26090
26092
26100
26119
26121
26123
26128
26137
26146
26154
26160
2617
261734
2619
26191
2622
26224
26227
26229
2623
26235
2624
26249
2625
26258
2626
2627
26275
26276
26277
26278
2628
26281
26284
2629
2632
26353
2639
2642
2643
2645
265
26503
26504
2651
26511
2652
26525
2653
2657
2658
26580
26585
2660
26608
2661
26610
2664
2668
2670
267010
267012
2671
2672
2673
2677
2678
268
2683
26873
2688
269
2690
2693
2694
2697
26999
270
2700
27010
27019
2702
27022
2703
27030
27031
27032
27034
27040
2705
2706
27063
27068
2707
27077
27086
27089
271
2710
27107
27125
27130
27148
27151
27152
2717
27184
27185
2719
272
2720
27229
27232
27235
27238
27241
27245
27247
27249
27286
2729
2731
27315
27316
27329
2733
2735
2736
2737
274
2741
27429
2743
2744
27445
2746
2747
275
2752
2760
2767
2771
2773
2774
2775
2776
2778
2779
2780
2782
2784
2796
2798
2799
2811
2812
2815
2817
2819
2820
2821
28234
282809
282996
283
283120
283310
283375
283417
283446
283489
283652
283989
284058
284086
284098
284111
284119
284217
284252
284403
284439
284654
285025
28514
285175
285203
285362
285440
285489
285590
285600
285848
2859
286
286053
286077
286204
286262
286410
286676
286887
287
28755
2876
2879
288
2892
2893
2895
28952
28956
2896
28960
28962
28976
2898
28981
28982
2902
2903
2904
2906
29071
29072
29078
2908
29089
29098
291
2911
29110
29119
29123
2916
2934
2937
2956
2961
2969
2972
29760
2978
2979
2982
2984
29851
29887
29893
29899
2990
29914
2992
29920
29925
29926
29927
29929
29940
2995
29954
29957
29958
29967
29968
2997
29978
2998
29980
3000
30008
30009
30011
30061
30062
3008
3026
3028
3030
3032
3033
3034
3035
3039
3040
3043
3045
3047
3048
3052
3053
3054
3060
3064
3067
3070
3073
3074
3075
3077
3078
308
3081
30813
30817
3082
3090
3094
3097
3098
31
3105
3106
3107
311
3110
3113
3115
3117
3119
3122
3123
3135
3141
3145
3149
3155
3158
3159
3161
3162
3166
3172
3176
317662
317719
3178
3181
3188
3190
3192
3198
3199
3207
3208
3209
3211
3229
3236
3239
324
3242
3248
3251
3257
326
3265
326625
3273
3284
3290
3291
3293
3295
3299
33
330
3300
331
3313
3315
3321
3329
3339
3340
335
3350
3356
336
3371
3373
3376
337867
338
338328
338433
338917
3394
339453
339829
339855
339983
34
340024
340061
340075
340419
340533
340665
340719
340990
341208
341640
3417
3418
3419
3420
342035
3423
3425
3426
342618
343035
3431
343450
343637
343641
344
344018
345
345193
3455
345611
345643
3458
345895
3459
3460
346007
346171
347344
3475
3476
347688
347733
3479
348
3480
3481
348180
3482
3483
348938
348980
3490
3492
35
3507
3508
351
3514
3516
352909
353
353238
3543
3547
3549
355
3551
3553
3557
3559
356
3560
3561
3566
3569
3574
3575
3586
3587
3588
359
3590
3592
3593
3594
3596
359948
36
3612
3614
3617
362
3621
3624
3630
3636
3640
3643
3651
3653
3654
3655
3658
3659
3661
3663
3664
3665
3667
367
3670
3673
3674
3675
3679
368
3689
3690
3691
3694
37
3702
3703
3704
3708
3709
3710
3712
3717
3718
372
3728
3730
3735
3736
3737
3739
3741
374291
374354
374393
374407
374462
3745
3746
374654
3748
375
3752
375298
3753
3756
375611
3757
375748
375790
3758
3759
3762
3763
3764
3766
3767
3769
3777
3778
3779
3783
3784
3785
3786
378884
3791
3796
3798
38
3800
3814
3815
3818
383
3832
3835
3845
3848
3849
3850
3851
3852
3853
3854
3856
3857
3858
3859
3860
3861
3868
3872
3875
387700
387733
387787
388389
388531
388551
388552
388662
388698
3887
388753
3889
388939
388962
3891
3892
389207
389421
389434
389549
389692
3897
389827
389856
39
390594
3908
3909
3910
3912
3913
3914
3918
3920
3921
392255
3930
3931
3932
3938
3939
3949
3952
3953
3954
3955
396
3972
3973
3975
3977
3981
3982
3984
3988
399
3990
3991
3998
4000
4001
4004
400916
401
4010
401024
401138
4014
401474
4015
4016
4023
402381
4026
403
4035
4036
4038
4040
4041
4043
404672
4047
4053
4054
4056
405753
4068
4069
406960
406987
407
4070
407053
4072
407975
4081
4088
4089
4091
4092
4093
4094
4099
410
411
4117
412
4125
4126
4128
4131
4137
4140
4141
4143
4144
4148
4149
415
4153
4157
4158
4159
4160
4166
4171
4173
4174
4175
4179
4191
4193
4204
4205
4208
421
4210
4212
4214
4221
4222
4233
4247
4254
4255
4256
4261
427
4281
4282
4284
4285
4286
4287
429
4291
4292
4297
4306
4308
4311
4312
4313
4318
4322
4323
4327
4329
4330
4337
4338
4340
435
4351
4352
4353
4358
4359
4361
440
440138
440193
440275
440435
442862
443
4436
4437
4439
444
445
4478
4481
4485
4486
4487
4488
4507
4508
4509
4511
4512
4513
4514
4519
4522
4524
4534
4535
4536
4537
4538
4539
4540
4541
4544
4547
4548
4549
4552
4556
4558
4564
4565
4566
4567
4568
4570
4571
4572
4574
4575
4576
4577
4578
4582
4589
4591
4593
4594
4595
4597
4598
4601
4604
4607
4609
4613
4615
4617
4618
462
4620
4621
4624
4625
4626
4627
4629
463
4632
4633
4634
4635
4638
4643
4644
4645
4646
4647
4649
4653
4654
4665
4668
4669
4683
4688
4689
4692
4693
4694
4695
4697
4700
4703
4704
4705
4709
471
4714
4715
4716
4719
472
4720
4722
4723
4724
4726
4728
4729
473
4744
4747
4750
4751
4758
476
4760
4761
4763
477
4771
4774
478
4780
4781
4784
4790
4791
4792
4795
4796
4803
4810
4811
4835
4838
4841
4843
4846
4851
4853
4854
486
4860
4864
4867
4868
4869
487
4878
488
4882
4891
4893
4901
4902
4907
4909
491
4913
4914
4915
4919
492
4920
4921
4926
4927
4929
4935
493753
4938
493856
4942
494513
494551
4948
4952
4967
4968
4976
4978
498
4982
4983
49855
4990
4998
50
5000
5002
5009
501
5015
5019
5032
5034
5048
50484
50485
50506
50511
50515
5052
5053
5054
5058
50615
50617
50628
5063
50640
50651
50674
5071
50717
5073
5075
5076
5077
5078
5080
50801
5081
50814
5083
50846
5087
5091
5092
50937
50939
50940
50943
50945
5095
5096
50964
51
51002
51004
51008
51010
51021
51025
5105
51053
51057
5106
51062
51067
51079
51081
51082
51083
51085
51086
51091
51095
51098
51099
51102
51103
51109
5111
51111
51112
51114
51116
51117
51119
51124
51128
51129
51132
51134
51135
51142
51151
5116
51164
51168
51185
5119
51196
51199
51204
51206
51218
5122
51227
51244
51251
51256
51259
51271
51293
51294
513
5130
51300
51305
51308
51314
51317
51319
51322
51324
5133
51339
51360
51364
5137
51371
5139
514
51412
51422
51428
5144
5145
5146
5147
51473
51475
5148
5149
51501
51506
51520
51524
5155
5156
51567
51569
5157
51574
5158
5159
51594
5160
51601
51603
51604
5162
51621
51626
51633
5165
51651
51660
51663
5167
51684
51693
51702
51715
5172
51726
5173
51733
51738
51741
51744
51750
51752
5176
51761
51763
51776
51778
51807
51816
5184
5189
5190
5191
5192
5193
5194
5195
5199
5205
5213
5216
5224
523
5230
5236
5238
5241
5243
5244
5245
525
5250
5251
5255
5256
5257
526
5261
5264
5265
5269
5271
5274
5277
5279
5283
5286
529
5290
5293
5295
5296
5297
53
5307
5308
5309
5310
5311
5313
5314
5317
5318
5321
5324
5325
5327
5328
5332
5333
53335
5336
5337
5339
5340
53405
5345
5346
5350
5351
5352
5354
5358
53616
53630
537
5371
5373
5375
5376
5378
538
53834
53904
5393
53947
5395
5396
54
540
5406
54084
54101
54112
54187
5420
54205
54209
5422
5424
5426
5428
5429
54332
54344
54345
54361
54386
54413
5443
5444
54443
5445
54453
5446
54463
5447
54476
54487
5449
54496
54499
545
5450
54507
54517
54538
54539
54551
5456
54567
54583
54585
5459
546
54658
54664
54676
5468
54681
547
54704
54714
54716
54756
54757
5476
54765
54768
5479
54790
54795
54796
54800
54802
54805
54806
54808
54809
54820
54822
54829
54832
54834
54840
54845
54862
54870
54872
54880
54885
54888
54892
54894
549
54902
54903
54916
54919
54928
54931
54936
54938
54941
54949
5495
54968
54977
5498
54982
5500
55005
55012
55023
55033
55034
55036
5506
55065
55081
55084
551
55109
55112
55120
55129
55130
55131
55135
55145
55149
5515
55151
55154
55157
55159
55163
55165
55172
5518
55180
55187
5519
55209
5521
55210
55212
55213
55214
55215
55217
55240
55249
55250
55252
55262
55270
55275
5528
55280
5530
55315
55325
55331
55343
5538
554
5546
55503
55505
5551
55521
55526
55532
55572
55599
55603
55605
55612
55621
55624
55630
55636
55640
55644
55650
55651
55654
5566
55670
55679
5568
55687
55690
55691
55697
55699
55703
55704
55714
55717
5573
55733
55737
55739
55746
5575
55750
55755
55764
55768
55773
55775
55777
55779
55780
55784
55788
558
5580
55800
55806
55811
55812
55814
5582
55823
5583
55830
55835
55851
55857
55858
55863
55869
5587
55870
5589
55904
55906
5591
5592
5594
55958
55967
55975
55997
56006
5602
5604
5605
56052
5611
56154
56155
56159
56160
56172
5618
56203
5621
5624
56244
56246
5625
5626
56262
5627
56270
5630
5631
5644
5645
56479
5648
5649
5651
56521
5654
5657
5660
56603
56606
56616
56623
5663
5664
56652
56683
567
56704
56729
56776
56916
5692
56922
56945
56947
5696
56975
56978
5698
56983
56992
56997
570
57003
57010
57017
57038
57054
57055
57057
57061
57082
57094
57096
57102
57104
57105
57107
57122
57128
57135
57152
57158
57165
57167
57176
5718
57187
57190
57192
57211
57216
57217
57222
5723
57231
5727
5728
5732
57338
57379
5740
5741
57410
5744
57449
5745
57459
57462
57465
57468
57477
57492
57498
57502
57505
57511
57514
57520
57522
57526
57531
57534
57538
57539
57545
57560
57562
57570
57572
57582
57592
57599
57609
57623
57654
57670
57674
57679
57680
57688
57697
5770
57704
57709
5771
57716
57724
57728
57731
5774
57798
5781
57817
57822
5784
5788
579
5792
58
580
5800
5805
5813
5818
582
5824
5825
5826
5828
583
5830
5831
5832
5836
5837
58484
58495
58497
585
58508
58513
58524
5859
5860
5873
5879
5880
5885
5888
5889
5892
5894
5896
5897
59
590
5903
5906
59067
5908
5913
5914
5915
5917
5921
5922
5925
593
5932
59335
59341
59344
59345
594
5940
5949
595
5950
5956
5959
596
5961
5962
5970
5971
5972
5977
5978
5979
5980
5981
5982
5993
5994
5995
60
6005
6010
6011
6016
6017
6023
60386
604
60401
6041
60468
60481
60482
6049
60495
60506
60509
60528
60529
60558
60675
60681
60684
6091
6092
6094
6095
6096
6097
6100
6101
6102
6103
611
6121
6125
613
6134
6135
6138
6141
6144
6154
6155
6165
617
6197
6201
6204
6208
6210
6218
6223
6224
6228
6229
6231
6232
6234
6235
6237
6239
6247
6249
6253
6261
6262
627
6288
629
6295
6297
6299
6301
63035
6305
6307
6309
631
6310
6311
6314
6315
6323
6324
6326
6327
6328
6329
633
6330
6331
6334
6335
6336
6337
6338
6340
6341
6342
6347
6356
6389
63894
63895
6390
63901
6391
63910
63916
6392
63924
63925
63929
63931
63932
63976
63982
6399
640
64065
64072
64087
64093
64094
641
64116
64127
64131
64132
64135
64170
64175
6418
64207
64218
64220
64221
6424
64240
64241
6427
64321
643226
64324
64327
643418
64359
64374
64377
64388
6439
644
6440
644096
64412
64419
6442
64421
64423
6443
6444
64446
6445
6448
6452
6455
64581
6469
646960
64699
6473
6476
64780
64787
64788
64801
64802
64805
64834
64837
64840
64849
64857
64859
6487
649
6491
64919
6492
6495
6496
6497
6499
650
65018
6505
65055
65057
6506
65062
6507
65078
65080
65082
6509
65109
65125
6513
6514
6515
6519
652
6521
65217
6523
6524
65250
65260
65266
6528
6529
6530
6531
6532
653361
6535
653509
6536
6548
6550
6555
6556
6557
6559
6566
6567
6569
657
6571
6572
6575
6576
6578
658
6583
6584
659
6591
6595
6597
6598
65992
65993
65998
6601
6603
6605
6606
6607
6608
6609
6611
6616
6620
6622
6628
6635
6638
6640
6647
6651
6653
6654
6655
6657
6658
6659
6660
6662
6663
6664
667
6674
6678
668
6683
6687
6689
669
6690
6691
6696
6697
6708
6709
6710
6712
6714
6716
6718
672
6729
673
6731
6736
6748
675
6756
6757
676
6768
6770
6772
6773
6774
6775
6777
6778
6785
6786
6789
6792
6794
6795
6804
6809
6812
6813
6820
6821
6833
6834
6843
6845
6853
6854
6855
6857
686
6862
6866
6868
6870
6872
6873
6875
6878
6884
6885
6886
6887
6888
6890
6891
6892
6897
6898
6899
6900
6901
6904
6905
6908
6909
6910
6911
6913
6915
6916
6925
6926
6927
6928
6929
6934
6935
6938
6942
6945
6948
6949
695
699
6997
70
7003
7007
701
7010
7012
7015
7018
7019
7020
7021
7025
7026
7030
7036
7037
7038
7039
7040
7042
7043
7045
7046
7048
7049
7050
7051
7053
7054
7056
7062
7066
7067
7068
7072
7078
708
7080
7084
7086
7092
7097
7098
7099
71
710
7102
7112
712
7124
7128
713
7132
7133
7134
7136
7137
7138
7139
714
7140
7148
715
7153
7156
7157
716
7167
7168
7169
717
7170
7172
7173
7174
718
7189
72
720
7200
7201
7204
721
7222
7225
7227
724066
7248
7249
7252
7253
7258
7259
726
727
7273
7274
7275
7276
727676
7277
727857
727897
7280
728294
7283
7284
7287
729
7290
7291
7292
729238
7293
7297
7299
729920
730
7305
7306
731
7314
7317
7319
732
7337
7341
7343
7345
735
7351
7352
7353
7355
7369
7372
7373
7374
7381
7385
7389
7390
7399
7401
7403
7407
7414
7415
7421
7424
7428
7430
7431
7436
7439
7443
745
7450
7453
7454
7456
7461
7466
7467
7468
7469
7471
7473
7474
7476
7480
7482
7486
7490
7498
7503
7504
7507
7508
7512
7515
7516
7517
7518
7528
7531
7532
7535
7545
7546
7547
755
7552
7555
7592
760
762
763
767
7681
768206
7700
7701
7703
7704
7707
771
773
7737
774
775
776
777
778
7780
7783
7784
779
7809
781
7827
783
7837
7840
7841
7846
7849
785
7852
7862
7867
7871
7879
788
78987
78989
790
79001
79023
79042
79048
79053
79058
79068
79083
79087
79092
790955
791114
79133
79140
79143
79147
7915
79152
79158
79188
79228
79258
7941
79415
79443
7957
79574
79577
79581
79583
79587
79600
79621
79628
79631
79633
79641
79644
79648
7965
79650
79651
79659
79709
79717
79718
79719
79722
79728
79731
79734
79738
79751
79753
79755
79776
79783
79784
7979
79791
79796
79797
79798
79803
79809
79813
79816
79823
79827
79840
79846
79848
79853
79867
79868
79876
79882
799
79902
7991
79912
79932
79934
7994
79944
79947
79955
79977
79983
79991
80000
80025
80055
80067
801
80114
8013
80144
80153
80155
80169
80173
80184
80185
80199
80204
80207
80208
8021
80210
80217
8022
80222
80224
80232
80254
80270
8028
8029
80308
80311
80324
80326
80331
80347
8036
8048
805
8050
80704
80705
80736
80739
8074
80746
8076
80776
80781
808
80816
80821
80832
8085
80856
8086
8091
8092
81
8100
81027
81031
81034
8106
811
8111
8120
8131
8139
8148
81494
815
81545
81562
81570
816
81603
81607
81608
81620
81622
81624
81689
81693
81704
81790
81794
818
81839
81846
81848
81857
81887
8192
8195
8200
8204
8214
8216
8220
823
8239
8241
8242
8243
825
8260
8270
8284
8287
8289
8291
8292
8295
8301
8302
8309
831
8312
8313
8314
8318
8320
8322
8323
8328
83394
83449
83452
83479
83480
83483
83538
83544
83550
83552
83605
83636
83696
83700
83706
83715
83737
8379
83854
83861
83872
83879
83893
83932
83938
83959
8398
83987
83990
83999
8402
84059
84061
84062
84068
84071
84074
841
84100
84126
84131
84140
84146
84153
84162
84168
84173
84188
84189
8419
84197
84225
84231
84233
8425
84282
84295
843
84300
8431
84314
84317
84334
84340
84342
84343
8438
844
8443
84433
84464
84466
845
8450
84504
84515
8452
84522
84529
8456
84570
84572
846
84617
8462
84627
84634
84662
84665
84667
84668
84679
84693
84695
847
84700
84701
84705
84706
84720
8473
84733
8481
84816
84818
84823
84839
84868
84876
84879
84892
84894
84896
84905
84919
8492
84925
8493
84942
84947
84957
84976
84984
84987
84992
85015
85016
85021
8504
8506
8514
8516
8517
8518
8526
85300
85301
85358
85365
85366
85378
8540
8542
85440
85446
8546
85465
8547
85476
85478
8556
8557
8558
8560
8565
8566
857
8572
8573
8575
859
860
8600
8604
861
8621
8622
8625
8626
8629
8635
8642
8643
8647
865
8653
8659
866
8660
86614
8665
867
8671
8675
8676
8694
87
8701
871
8710
87178
8720
8722
8726
8733
8737
8738
8742
875
8754
8763
8772
8777
8787
8792
8795
8799
88
8802
8803
8812
8813
8815
8818
8820
8822
8823
8831
8838
8842
8863
8864
8867
8869
8878
8879
8888
889
8890
8891
8892
8893
8898
8905
8910
8912
8913
8915
8924
8925
8928
8929
894
8942
8943
8945
8974
89765
89780
89781
8985
89869
8988
89884
8989
89891
899
8991
89910
8996
89970
90
90121
9015
90161
90167
90268
9031
9037
90411
9049
9051
9056
9060
90624
90665
90678
9071
9076
9081
9082
9083
9084
9085
9091
9094
9095
9096
90993
9101
9103
91039
91137
91147
91179
91252
9126
9128
9129
9131
9132
9138
9149
915
9150
9152
91574
9158
916
91624
91647
91662
917
91754
9179
9180
91801
9181
9184
91851
91869
9187
919
91942
91949
9197
920
9200
92002
9210
9211
9213
9215
9217
92211
9227
9230
92335
92344
9241
9244
9247
92482
925
9254
9255
92579
92609
92667
92749
9276
92840
9289
92935
9294
92949
93
930
931
9313
93166
93183
9319
9320
9321
93210
93233
9325
9326
9333
9342
93426
9343
93587
93589
9361
93627
9364
93650
9368
9373
9378
9380
9381
9382
939
9394
93986
94
940
94005
9401
9409
9411
94137
9414
9419
9420
9423
9426
9427
9439
9440
9445
9451
9455
9459
9469
9474
9479
948
9487
9493
9496
9499
95
950
9508
9509
9512
9516
9517
9524
9526
953
9531
9533
9555
9562
9563
9568
95681
9569
9570
9573
958
9581
959
9607
9622
9627
9630
9631
9632
9636
9639
9640
9652
9657
966
9662
9663
9672
9681
9688
9698
970
9702
9711
9719
9722
9723
973
9731
974
9742
975
9750
9757
9758
9759
977
9772
9775
9780
9782
9785
9786
9790
9791
9817
9820
9821
9829
9837
9839
9841
9842
9851
9853
9860
9863
987
9871
9885
9894
9895
9896
9897
990
9907
9915
9918
9927
9928
9935
9939
9940
9949
9966
9968
9971
998
9987
999
9990
9992
9993
9997
